-6.839396e+00
-6.838964e+00
-6.857154e+00
-6.860659e+00
-6.773069e+00
-6.680033e+00
-6.581261e+00
-6.476445e+00
-6.484541e+00
-6.486286e+00
-6.711866e+00
-6.710343e+00
-6.726290e+00
-6.672292e+00
-6.732403e+00
-6.795052e+00
-6.862124e+00
-6.930411e+00
-6.929376e+00
-6.930089e+00
-6.597300e+00
-6.595683e+00
-6.615114e+00
-6.560248e+00
-5.879307e+00
-5.196531e+00
-7.077498e+00
-7.082721e+00
-7.086889e+00
-7.087905e+00
-6.487634e+00
-6.485913e+00
-6.512416e+00
-6.460204e+00
-5.835461e+00
-5.210433e+00
-7.176886e+00
-7.182476e+00
-7.186702e+00
-7.187645e+00
-6.381610e+00
-6.379821e+00
-6.411849e+00
-6.362108e+00
-5.796949e+00
-5.231552e+00
-7.232004e+00
-7.237742e+00
-7.241987e+00
-7.241121e+00
-6.261786e+00
-6.259988e+00
-6.294416e+00
-6.246686e+00
-5.714554e+00
-5.182005e+00
-6.244455e+00
-7.304942e+00
-6.837330e+00
-6.369842e+00
-6.074599e+00
-6.072737e+00
-6.106079e+00
-6.064258e+00
-5.623115e+00
-5.181411e+00
-6.371755e+00
-7.560172e+00
-6.896637e+00
-6.232778e+00
-5.761319e+00
-5.758660e+00
-5.781328e+00
-5.757795e+00
-5.534489e+00
-5.310493e+00
-7.679427e+00
-7.686745e+00
-7.682831e+00
-5.994981e+00
-5.568995e+00
-5.556605e+00
-5.553221e+00
-5.549636e+00
-5.453825e+00
-5.352144e+00
-7.710912e+00
-7.718148e+00
-7.713337e+00
-5.840522e+00
-1.026986e+01
-1.028024e+01
-1.027444e+01
-1.026856e+01
-7.918006e+00
-5.566593e+00
-7.671973e+00
-7.678064e+00
-7.672980e+00
-5.769272e+00
-0.000000e+00
-6.172656e+00
0.000000e+00
0.000000e+00
-0.000000e+00
-0.000000e+00
-0.000000e+00
-6.084385e+00
-0.000000e+00
-0.000000e+00
-0.000000e+00
-6.053827e+00
-0.000000e+00
-5.237552e+00
-0.000000e+00
-0.000000e+00
-0.000000e+00
-6.253341e+00
-0.000000e+00
-0.000000e+00
-0.000000e+00
-5.840854e+00
-0.000000e+00
-5.154409e+00
-0.000000e+00
-4.237359e+00
-0.000000e+00
-6.483995e+00
-0.000000e+00
-0.000000e+00
-0.000000e+00
-5.562034e+00
-0.000000e+00
-5.077119e+00
-0.000000e+00
-4.252284e+00
-0.000000e+00
-6.587674e+00
-0.000000e+00
-0.000000e+00
-0.000000e+00
-5.318842e+00
-0.000000e+00
-4.998282e+00
-0.000000e+00
-4.281260e+00
-0.000000e+00
-6.628943e+00
-0.000000e+00
-0.000000e+00
-0.000000e+00
-5.121169e+00
-0.000000e+00
-4.891263e+00
-0.000000e+00
-4.316372e+00
-0.000000e+00
-6.672348e+00
-0.000000e+00
-5.914274e+00
-0.000000e+00
-4.909263e+00
-0.000000e+00
-4.772969e+00
-0.000000e+00
-4.311910e+00
0.000000e+00
0.000000e+00
-0.000000e+00
-5.723472e+00
-0.000000e+00
-4.731127e+00
-0.000000e+00
-4.735312e+00
-0.000000e+00
-4.377228e+00
-0.000000e+00
-0.000000e+00
-0.000000e+00
-5.323797e+00
-0.000000e+00
-0.000000e+00
-0.000000e+00
-4.861769e+00
-0.000000e+00
-4.442484e+00
-0.000000e+00
-0.000000e+00
-0.000000e+00
-5.112223e+00
-0.000000e+00
-0.000000e+00
-0.000000e+00
-0.000000e+00
-0.000000e+00
-4.512913e+00
0.000000e+00
0.000000e+00
0.000000e+00
-5.020952e+00
-5.724260e+00
-5.741773e+00
-4.938152e+00
-4.133742e+00
-4.127368e+00
-4.132773e+00
-4.743056e+00
-5.352313e+00
-5.354494e+00
-5.355108e+00
-5.563895e+00
-5.583417e+00
-4.776251e+00
-3.967209e+00
-3.983625e+00
-3.989587e+00
-4.720896e+00
-5.450680e+00
-5.534554e+00
-5.533763e+00
-5.188047e+00
-5.215622e+00
-4.476295e+00
-3.735040e+00
-3.901526e+00
-3.246841e+00
-4.397369e+00
-5.545267e+00
-5.542930e+00
-5.543040e+00
-4.517297e+00
-4.564938e+00
-4.131206e+00
-3.695328e+00
-3.481155e+00
-3.264527e+00
-4.397100e+00
-5.527752e+00
-5.519630e+00
-5.519739e+00
-4.108519e+00
-4.164955e+00
-3.927939e+00
-3.689035e+00
-3.503912e+00
-3.317179e+00
-4.365749e+00
-5.411994e+00
-5.394211e+00
-5.394325e+00
-3.954589e+00
-4.008996e+00
-3.783533e+00
-3.556649e+00
-3.542531e+00
-3.528345e+00
-4.513703e+00
-5.498918e+00
-5.070214e+00
-5.838145e+00
-3.615869e+00
-3.676516e+00
-3.497228e+00
-3.318742e+00
-3.289736e+00
-3.301340e+00
-3.715539e+00
-4.126182e+00
-4.687735e+00
-5.629805e+00
-3.283178e+00
-3.345710e+00
-2.021328e+00
-3.382981e+00
-2.428167e+00
-3.442536e+00
-3.858198e+00
-4.272447e+00
-4.287477e+00
-4.274587e+00
-1.512894e+00
-1.516146e+00
-1.988310e+00
-4.425047e+00
-2.498414e+00
-3.520903e+00
-3.837744e+00
-4.152791e+00
-4.151945e+00
-4.141551e+00
-1.248393e+00
-1.252664e+00
-1.965016e+00
-2.153569e+00
-2.337094e+00
-3.598467e+00
-3.848914e+00
-4.098516e+00
-4.097416e+00
-4.088340e+00
-0.000000e+00
-0.000000e+00
-0.000000e+00
-0.000000e+00
-0.000000e+00
-0.000000e+00
-0.000000e+00
-4.680799e+00
-0.000000e+00
-0.000000e+00
-0.000000e+00
-0.000000e+00
-0.000000e+00
-2.260293e+00
-0.000000e+00
-0.000000e+00
-0.000000e+00
-4.711385e+00
-0.000000e+00
-0.000000e+00
-0.000000e+00
-0.000000e+00
-0.000000e+00
-2.224044e+00
-0.000000e+00
-2.074960e+00
0.000000e+00
-4.731041e+00
-0.000000e+00
-0.000000e+00
-3.773631e+00
-0.000000e+00
-0.000000e+00
-2.290541e+00
-0.000000e+00
-2.141141e+00
-0.000000e+00
-4.706708e+00
-0.000000e+00
-0.000000e+00
-3.219601e+00
-0.000000e+00
-0.000000e+00
-2.373616e+00
-0.000000e+00
-2.228819e+00
-0.000000e+00
-4.619888e+00
-0.000000e+00
-0.000000e+00
-2.728739e+00
-0.000000e+00
-0.000000e+00
-2.458613e+00
-0.000000e+00
-2.333827e+00
0.000000e+00
-4.465924e+00
0.000000e+00
0.000000e+00
-2.375360e+00
-0.000000e+00
-0.000000e+00
-2.405933e+00
-2.453322e+00
-2.459822e+00
-0.000000e+00
-4.110603e+00
-0.000000e+00
-0.000000e+00
-2.007436e+00
-0.000000e+00
-1.785449e+00
-2.261306e+00
-2.230988e+00
-2.566951e+00
-0.000000e+00
-4.011238e+00
-0.000000e+00
-2.986224e+00
-1.437115e+00
-0.000000e+00
-1.896334e+00
-0.000000e+00
-2.203487e+00
-2.669092e+00
-0.000000e+00
-0.000000e+00
-0.000000e+00
-2.981374e+00
-1.154477e+00
0.000000e+00
-1.968436e+00
-0.000000e+00
-2.229243e+00
-2.785029e+00
-0.000000e+00
-0.000000e+00
-0.000000e+00
-2.993229e+00
-1.410355e+00
-1.410221e+00
-1.409703e+00
-1.408797e+00
-1.058450e+00
-1.100192e+00
-1.114952e+00
-3.946460e+00
5.677044e-01
5.690739e-01
-1.443153e+00
-1.443877e+00
-1.444570e+00
-1.443735e+00
-1.369940e+00
-1.363900e+00
-1.377736e+00
-3.992278e+00
5.872573e-01
5.843203e-01
-1.172609e+00
-1.167714e+00
-1.267099e+00
-1.366454e+00
-1.351923e+00
-1.423470e+00
-1.296663e+00
-4.003098e+00
5.729790e-01
5.680440e-01
-3.397105e+00
3.647575e-01
-1.563551e+00
-1.572259e+00
-1.515508e+00
-1.558611e+00
-1.546046e+00
-4.008944e+00
5.087305e-01
5.002702e-01
-1.318052e+00
1.561038e-01
-1.706407e+00
-1.714710e+00
-1.638107e+00
-1.668005e+00
-1.647916e+00
-3.960406e+00
3.247158e-01
3.458932e-01
-1.227004e+00
-7.757353e-02
-1.064662e+00
-2.048046e+00
-1.613716e+00
-1.716302e+00
-1.727813e+00
-3.833986e+00
3.818226e-01
4.026260e-01
-1.163093e+00
-4.038628e-01
-2.035280e+00
-2.042248e+00
-2.060626e+00
-2.058729e+00
-2.067467e+00
-3.581748e+00
1.955184e-01
2.142580e-01
-1.135705e+00
-1.074548e+00
-1.327205e+00
-1.556546e+00
-1.643420e+00
-1.700427e+00
-7.710075e-01
-3.549910e+00
-1.716621e+00
-1.706498e+00
-7.855593e-01
-3.668195e-01
-1.791314e+00
-1.793154e+00
-1.801285e+00
-1.788745e+00
-1.731687e+00
-1.762155e+00
-1.787651e+00
-1.786737e+00
-4.949769e-01
-1.615790e-01
-2.120847e+00
-2.138211e+00
-2.172104e+00
-2.202436e+00
-2.202992e+00
-2.062707e+00
-1.922558e+00
-1.920761e+00
-0.000000e+00
-0.000000e+00
-0.000000e+00
-0.000000e+00
-1.863165e-01
-0.000000e+00
-0.000000e+00
-0.000000e+00
9.915154e-01
-0.000000e+00
-0.000000e+00
-0.000000e+00
-0.000000e+00
-0.000000e+00
-2.255796e-03
0.000000e+00
0.000000e+00
0.000000e+00
1.103841e+00
0.000000e+00
-0.000000e+00
8.255210e-01
-0.000000e+00
-0.000000e+00
3.831216e-01
-0.000000e+00
-1.013265e+00
-0.000000e+00
1.129283e+00
-0.000000e+00
-0.000000e+00
9.340053e-01
-0.000000e+00
-0.000000e+00
4.968051e-01
-0.000000e+00
-1.047423e+00
-0.000000e+00
1.129909e+00
-0.000000e+00
4.359805e-01
4.897091e-01
-0.000000e+00
-0.000000e+00
5.082827e-01
-0.000000e+00
-1.013424e+00
0.000000e+00
0.000000e+00
0.000000e+00
1.593243e-01
4.622848e-01
-0.000000e+00
-0.000000e+00
4.871255e-01
-0.000000e+00
-0.000000e+00
-0.000000e+00
-0.000000e+00
7.630039e-01
-2.719171e-02
2.232890e-01
-0.000000e+00
-0.000000e+00
-0.000000e+00
-0.000000e+00
-0.000000e+00
-0.000000e+00
-0.000000e+00
4.030194e-01
-2.706062e-01
8.086301e-02
-0.000000e+00
-0.000000e+00
-0.000000e+00
-0.000000e+00
-3.997551e-01
-0.000000e+00
-0.000000e+00
-2.319800e-01
-1.761717e-01
2.277328e-01
0.000000e+00
0.000000e+00
-0.000000e+00
-0.000000e+00
-5.842163e-01
-0.000000e+00
-0.000000e+00
-5.819317e-01
1.309513e-01
1.582518e-01
-0.000000e+00
-0.000000e+00
-0.000000e+00
-0.000000e+00
-0.000000e+00
-0.000000e+00
-0.000000e+00
-8.214470e-01
2.000005e+00
1.998359e+00
1.439062e+00
8.789805e-01
3.178266e-01
4.797637e+00
3.596308e+00
2.393958e+00
1.190364e+00
1.974133e+00
2.021832e+00
2.021258e+00
1.669229e+00
1.316118e+00
9.628679e-01
4.665051e+00
3.701818e+00
2.745853e+00
1.793768e+00
1.823410e+00
2.074829e+00
2.601533e+00
2.063980e+00
1.526196e+00
1.522628e+00
1.651334e+00
-6.612021e-01
5.391300e-01
1.734808e+00
1.770944e+00
2.602994e+00
2.608287e+00
2.108818e+00
1.608951e+00
1.605523e+00
1.719904e+00
-6.847185e-01
5.378601e-01
1.751938e+00
1.788988e+00
5.912121e-01
2.137442e+00
1.877318e+00
1.616722e+00
1.614483e+00
1.733069e+00
-3.105852e-01
4.665930e+00
1.890436e+00
1.875482e+00
1.365348e+00
1.425047e+00
1.459307e+00
1.490353e+00
1.516748e+00
4.502701e+00
4.864872e+00
5.235899e+00
3.356360e+00
1.483366e+00
1.222496e+00
1.284423e+00
2.319186e+00
3.353912e+00
2.301063e+00
4.133793e+00
4.516288e+00
4.904402e+00
7.935562e-01
7.725748e-01
-8.098888e-02
1.812844e+00
2.674703e+00
3.562930e+00
3.579681e+00
3.661721e+00
3.404963e-01
4.414886e+00
2.412355e-01
2.202799e-01
7.976555e-03
1.849413e+00
2.672078e+00
3.502453e+00
3.503558e+00
3.495413e+00
1.946050e-01
4.674913e+00
-6.645788e-02
-9.006511e-02
2.782165e-01
1.751361e+00
2.669668e+00
3.553993e+00
3.556371e+00
3.561812e+00
4.244735e+00
4.934802e+00
-1.754032e-01
-2.007871e-01
0.000000e+00
0.000000e+00
0.000000e+00
0.000000e+00
0.000000e+00
5.365568e+00
0.000000e+00
0.000000e+00
0.000000e+00
2.201292e+00
0.000000e+00
0.000000e+00
0.000000e+00
0.000000e+00
0.000000e+00
5.131875e+00
0.000000e+00
0.000000e+00
0.000000e+00
2.101592e+00
0.000000e+00
4.483488e+00
0.000000e+00
0.000000e+00
0.000000e+00
4.461942e+00
0.000000e+00
0.000000e+00
0.000000e+00
2.061186e+00
0.000000e+00
4.332550e+00
0.000000e+00
0.000000e+00
0.000000e+00
4.253101e+00
0.000000e+00
0.000000e+00
0.000000e+00
2.090439e+00
0.000000e+00
3.965350e+00
0.000000e+00
0.000000e+00
0.000000e+00
4.313913e+00
0.000000e+00
5.441494e+00
0.000000e+00
2.202491e+00
0.000000e+00
3.571663e+00
0.000000e+00
0.000000e+00
0.000000e+00
4.765457e+00
0.000000e+00
5.460860e+00
0.000000e+00
2.428294e+00
0.000000e+00
3.474984e+00
0.000000e+00
0.000000e+00
0.000000e+00
4.750696e+00
0.000000e+00
5.354029e+00
0.000000e+00
0.000000e+00
0.000000e+00
3.647699e+00
0.000000e+00
0.000000e+00
0.000000e+00
4.495666e+00
0.000000e+00
5.239195e+00
0.000000e+00
0.000000e+00
0.000000e+00
3.572568e+00
0.000000e+00
0.000000e+00
0.000000e+00
0.000000e+00
0.000000e+00
5.336976e+00
0.000000e+00
0.000000e+00
0.000000e+00
3.399884e+00
0.000000e+00
0.000000e+00
0.000000e+00
0.000000e+00
0.000000e+00
5.353469e+00
0.000000e+00
0.000000e+00
7.516680e+00
6.802533e+00
6.088957e+00
6.081917e+00
6.086953e+00
6.398898e+00
6.451956e+00
6.496095e+00
6.882481e+00
2.627036e+00
7.311022e+00
5.750948e+00
5.925651e+00
5.923076e+00
5.929218e+00
6.469206e+00
6.501314e+00
6.546029e+00
6.929929e+00
2.540779e+00
5.650848e+00
5.577161e+00
5.616541e+00
5.655806e+00
5.662527e+00
6.348942e+00
6.401201e+00
6.451488e+00
6.926593e+00
2.503741e+00
5.412742e+00
5.412636e+00
5.553757e+00
5.694773e+00
5.700811e+00
6.245580e+00
6.298140e+00
6.353262e+00
6.913456e+00
2.529145e+00
4.996177e+00
4.907361e+00
4.917315e+00
6.333806e+00
6.224687e+00
6.111901e+00
6.147022e+00
6.176403e+00
6.903701e+00
2.630495e+00
6.889531e+00
4.349421e+00
7.171270e+00
7.181192e+00
7.179274e+00
5.958968e+00
5.953406e+00
5.936232e+00
7.228090e+00
4.771063e+00
6.877665e+00
4.302298e+00
7.111009e+00
7.120899e+00
7.118676e+00
5.846363e+00
5.832119e+00
5.817759e+00
7.558369e+00
7.605002e+00
4.906274e+00
4.814430e+00
4.917656e+00
5.020766e+00
5.026849e+00
5.656484e+00
5.646548e+00
5.636491e+00
7.574540e+00
7.725373e+00
4.533210e+00
4.533120e+00
4.648277e+00
4.763343e+00
4.773422e+00
6.233401e+00
6.196606e+00
6.159692e+00
6.967601e+00
7.771069e+00
4.052860e+00
4.052814e+00
4.068551e+00
6.756516e+00
6.530571e+00
6.306670e+00
6.267083e+00
6.227434e+00
7.010968e+00
7.793009e+00
7.587287e+00
0.000000e+00
0.000000e+00
0.000000e+00
0.000000e+00
0.000000e+00
0.000000e+00
7.341690e+00
7.346417e+00
0.000000e+00
7.466314e+00
0.000000e+00
0.000000e+00
0.000000e+00
0.000000e+00
7.173463e+00
0.000000e+00
7.402152e+00
7.406847e+00
0.000000e+00
7.089614e+00
0.000000e+00
0.000000e+00
0.000000e+00
0.000000e+00
7.214271e+00
0.000000e+00
7.410210e+00
7.415992e+00
0.000000e+00
0.000000e+00
0.000000e+00
0.000000e+00
6.729128e+00
0.000000e+00
7.196900e+00
0.000000e+00
7.400482e+00
7.407506e+00
0.000000e+00
6.742526e+00
0.000000e+00
0.000000e+00
7.125062e+00
0.000000e+00
7.153495e+00
0.000000e+00
7.386304e+00
7.403284e+00
0.000000e+00
7.142956e+00
0.000000e+00
0.000000e+00
7.370016e+00
0.000000e+00
7.102072e+00
0.000000e+00
7.602585e+00
7.602585e+00
6.869935e+00
7.134628e+00
0.000000e+00
0.000000e+00
7.315822e+00
0.000000e+00
7.061256e+00
0.000000e+00
7.727459e+00
7.727459e+00
7.494412e+00
6.714104e+00
0.000000e+00
0.000000e+00
6.931658e+00
0.000000e+00
7.041435e+00
0.000000e+00
7.753013e+00
7.753013e+00
7.747757e+00
0.000000e+00
0.000000e+00
0.000000e+00
6.835551e+00
0.000000e+00
7.115265e+00
0.000000e+00
0.000000e+00
0.000000e+00
7.832585e+00
0.000000e+00
0.000000e+00
0.000000e+00
7.048101e+00
0.000000e+00
7.077304e+00
0.000000e+00
0.000000e+00
0.000000e+00
7.851631e+00
