1.62452580e-05
1.65509016e-05
-9.54486785e-05
-9.07532753e-05
9.11472657e-05
3.33296994e-05
-5.91427826e-05
-6.34581564e-05
-4.27181253e-05
9.14018370e-05
-9.07024078e-05
3.33240745e-05
6.79255059e-06
1.45643912e-04
-1.02492624e-04
-1.48258119e-04
1.60513432e-05
-9.88590729e-05
1.52284443e-05
-1.47042284e-04
-1.00338934e-04
1.44765241e-04
7.17469675e-06
-1.03072491e-04
-2.95431070e-06
-2.48566736e-06
-6.67434185e-04
-2.77785861e-07
6.75147550e-07
-1.30748938e-03
-1.87465780e-05
1.88344037e-05
-2.23851613e-04
1.13594970e-05
1.05376747e-05
-3.17118573e-04
1.94226529e-05
-1.88369047e-05
-2.24170338e-04
-9.53008842e-06
-9.27899756e-06
-3.01063710e-04
-5.87368507e-06
2.60025910e-05
-9.41005987e-05
1.31226079e-05
2.09842428e-05
-7.07148349e-05
4.43141382e-05
8.86596350e-05
-1.08312251e-04
2.22283462e-05
2.22400569e-05
-3.62264318e-05
-1.30862346e-05
1.98984072e-05
9.65492771e-06
-1.36218169e-05
1.34444341e-05
-5.11911539e-05
-6.18543872e-05
1.04542701e-04
-5.39417533e-05
2.00375441e-05
-1.30987702e-05
9.63691482e-06
6.60420571e-05
-1.17049239e-04
-2.87682611e-05
1.01983828e-05
-1.80398569e-05
-4.86614943e-05
-7.07137471e-06
-3.00488561e-05
-9.09414611e-05
-5.11463139e-05
-9.09536135e-05
-1.17957860e-04
-8.84836063e-06
-1.99314955e-05
-8.24165223e-05
-8.20457616e-06
-1.02354782e-05
-3.47398052e-05
8.81277703e-05
4.43337002e-05
-1.08808252e-04
2.08194104e-05
1.32011375e-05
-7.08040592e-05
2.58592053e-05
-5.60884506e-06
-9.42219257e-05
1.04795247e-04
-6.17358800e-05
-5.41686182e-05
1.36905249e-05
-1.35575904e-05
-5.11966644e-05
-3.02498530e-05
-6.81347564e-06
-8.97989920e-05
-1.80662616e-05
1.01645387e-05
-4.81316383e-05
-1.17425591e-04
6.60934833e-05
-2.81719054e-05
-1.94111279e-05
-1.00764956e-05
-8.17091197e-05
-9.31085108e-05
-5.13029276e-05
-1.16486852e-04
-1.12697874e-04
7.62084100e-06
-4.26000727e-04
-9.16762999e-05
-9.14619860e-05
-3.15411895e-04
7.59752144e-06
-1.12472704e-04
-4.26570373e-04
-9.45459213e-05
9.14846026e-05
-2.63487813e-04
-9.97387253e-06
1.09303113e-04
-4.30874149e-04
1.08826365e-04
-9.85498526e-06
-4.29665246e-04
9.17252680e-05
-9.43969847e-05
-2.63135254e-04
9.23328172e-05
9.04887048e-05
-3.21347346e-04
-2.03754500e-05
1.61918013e-04
-4.53867336e-04
1.07745553e-04
1.07872130e-04
-2.73278257e-04
1.60680178e-04
-1.99141168e-05
-4.52261622e-04
-1.06014830e-04
9.81552817e-05
-2.38523862e-04
-1.61393248e-04
2.41779925e-05
-4.56591900e-04
2.62132933e-05
-1.63702609e-04
-4.58438364e-04
9.86822022e-05
-1.05456284e-04
-2.38178446e-04
-1.08151417e-04
-1.05290641e-04
-2.85599316e-04
-7.41198837e-05
3.33274828e-05
-1.88878018e-04
1.69467580e-05
-1.77221060e-05
-5.91563830e-04
-6.84233216e-05
-2.23020939e-05
-2.09553546e-04
2.51515665e-06
-5.31775979e-06
-4.42525211e-04
2.05850869e-05
2.05625188e-05
-7.25202258e-04
-1.38956504e-06
-1.21680697e-06
-8.54402763e-04
3.35775409e-05
-3.61050037e-05
-5.36538894e-04
2.24980014e-05
2.35656696e-05
-5.47637935e-04
-4.49227424e-05
-4.61055759e-05
-8.24943217e-05
-2.12227995e-05
-6.84195050e-05
-2.06192023e-04
3.33494283e-05
-7.37187333e-05
-1.89408165e-04
-5.37142078e-06
9.61367834e-07
-4.34944539e-04
-1.77800443e-05
1.66785100e-05
-5.89973675e-04
1.82169461e-05
1.17764902e-06
-2.04653608e-04
-2.00059313e-05
-3.16140005e-06
-1.78660407e-04
-3.63753073e-05
3.36532630e-05
-5.36475866e-04
-3.04586816e-05
6.50768945e-05
-1.95739362e-04
2.16706156e-05
7.50981545e-05
-1.89965220e-04
-2.11521780e-05
-2.05505230e-05
-7.08861052e-04
1.80582241e-06
-2.87182332e-06
-4.30277262e-04
-2.59444126e-05
-2.56734075e-05
-5.37921816e-04
-2.97660068e-06
2.06700491e-06
-4.29527965e-04
4.30100206e-05
4.31431904e-05
-8.36176013e-05
5.06046751e-06
1.54387686e-05
-1.73417869e-04
6.53337219e-05
-3.03559812e-05
-1.95852050e-04
7.47279353e-05
2.18932465e-05
-1.89525801e-04
-6.27117256e-06
-1.71145103e-05
-1.98313432e-04
4.94543309e-05
-5.23583761e-05
-7.54800737e-05
-7.84547330e-06
1.02436255e-05
-6.65618763e-05
1.53956253e-05
4.89064270e-06
-1.73319645e-04
-1.71979191e-05
-6.16308553e-06
-1.98663222e-04
-2.92977031e-06
-2.02019610e-05
-1.78078889e-04
1.90970230e-06
1.88550777e-05
-2.10014354e-04
1.03916071e-05
-7.97545751e-06
-6.64475098e-05
-5.23674731e-05
4.90517651e-05
-7.54052127e-05
1.34076537e-05
1.22377927e-05
-1.24438057e-04
-9.98552898e-06
-9.90613237e-06
-1.16743956e-04